45
1981 570.82 694.06 83.39 910.62 736.53 894.5 813.63 223.46 838.45 783.1 935.84 135.04
1982 307.24 245.58 628.07 163.63 213.28 259.22 605.42 524.05 484.1 653.98 176.01 228.85
1983 118.55 318.82 48.24 747.8 877.41 944.4 618.84 903.71 645.3 117.35 565.21 108.19
1984 215.64 138.75 738.74 511.3 601.02 273.54 381.45 985.94 135.23 630.69 657.95 629.11
1985 805.81 882.58 88.99 457.68 390.04 524.23 252.52 395.24 197.01 107.22 552.31 370.58
1986 365.22 948.3 794.19 333.55 197.88 194.93 371.64 52.23 577.84 844.58 621.44 569.43
1987 637.44 606.44 918.44 857.4 251.09 734.56 790.75 703.21 306.01 207.24 260.59 914.25
1988 994.93 273.8 65.69 458.2 938.56 739.32 918.24 445.36 925.86 16.81 700.19 436.62
1989 674.21 583.61 576.56 122.47 226.55 974.46 387.57 939.23 773.95 510.55 124.81 556.19
1990 827.35 755.77 283.67 81.03 291.57 993.39 951.53 788.19 86.7 663.25 410.5 675.65
1991 441.58 67.76 743.11 587.22 849.95 609.23 397.82 242.77 804.18 18.02 32.75 300.51
1992 578.84 323.66 109.47 375.06 680.14 709.84 4.98 27.77 804.27 972.24 465.14 784.02
1993 361.14 300.08 387.27 848.56 905.2 268.41 506.62 106.13 631.19 33.06 475.27 316.34
1994 203.77 144.49 43.35 346.16 739.08 634.55 365.45 895.49 758.19 552.68 244.86 883.03
1995 673.81 190.39 933.21 625.0 424.85 377.38 464.36 978.42 257.82 359.28 198.47 96.57
1996 893.6 116.47 489.91 89.84 392.83 439.3 84.33 692.76 607.92 361.68 58.54 703.16
1997 557.16 622.47 935.47 67.95 77.38 373.85 580.59 555.24 481.02 864.48 240.12 935.94
1998 698.63 642.53 6.26 890.16 933.86 442.62 462.66 709.04 199.9 926.45 980.84 532.57
1999 158.85 609.89 707.84 640.62 728.78 41.19 352.11 249.07 767.94 200.17 960.4 678.49
2000 103.12 527.78 906.53 232.44 792.15 146.41 551.62 465.65 716.2 370.96 887.39 153.04
2001 248.11 631.37 195.33 686.27 997.85 451.58 224.13 285.23 308.65 284.04 368.55 617.71
2002 612.38 346.26 619.47 108.69 695.05 278.9 337.93 368.27 594.79 335.32 16.59 317.16
2003 12.6 546.48 815.23 414.52 440.24 931.98 855.07 929.27 501.62 964.65 494.02 281.5
2004 819.59 653.2 746.32 820.37 482.3 129.85 339.08 203.81 320.42 728.45 778.02 129.4
2005 81.03 370.97 555.42 607.32 381.33 647.11 563.31 585.3 478.48 847.33 79.16 238.67
2006 20.23 497.78 560.89 112.7 750.26 99.66 880.72 909.89 199.93 429.72 568.22 981.27
2007 290.46 854.59 948.67 520.82 400.78 889.32 754.27 358.17 728.31 19.32 831.85 275.67
2008 271.18 271.41 712.87 720.52 4.28 135.01 137.59 233.58 335.9 702.42 313.78 96.32
2009 5.55 265.25 227.8 988.69 889.48 978.57 321.43 992.74 684.15 180.94 583.09 324.42
2010 251.31 812.21 818.13 279.13 561.54 341.42 400.35 958.18 288.63 894.63 512.54 136.01
2011 576.1 319.12 389.75 965.24 94.41 586.99 226.07 269.53 350.36 198.71 428.48 460.05
2012 901.12 906.64 348.69 256.04 957.15 432.68 299.04 963.28 965.8 212.39 925.67 355.66
2013 252.03 255.03 149.71 729.9 40.69 420.82 961.97 149.29 848.98 813.61 666.15 497.79
2014 62.43 467.96 191.28 712.89 26.62 938.48 68.23 666.0 618.83 200.37 63.57 374.71
2015 130.1 864.0 445.45 890.68 356.01 925.56 368.36 441.5 232.4 748.98 793.13 339.1
2016 731.89 873.33 927.41 784.44 277.37 5.31 969.51 773.29 495.37 663.02 666.97 610.54
2017 808.2 4.8 587.94 564.08 757.05 412.9 47.84 610.33 728.52 722.14 354.74 111.92
2018 433.2 829.18 69.73 749.8 334.73 382.45 864.22 771.04 500.72 74.1 819.86 174.55
2019 992.77 610.91 164.29 481.21 728.71 966.95 215.25 89.15 85.79 736.26 577.09 922.13
2020 108.26 46.57 688.24 111.27 1.07 212.9 371.37 806.47 782.27 786.19 138.98 924.5
2021 443.57 627.76 276.02 13.91 472.14 725.34 17.56 78.89 155.77 13.97 910.22 735.69
2022 104.8 288.99 245.3 816.58 880.62 215.44 661.07 48.0 458.62 52.6 695.55 821.47
2023 211.12 70.37 489.64 439.15 677.15 989.61 278.89 962.3 903.93 87.33 614.39 323.12
2024 592.53 897.67 436.47 228.39 537.62 594.28 710.7 439.35 799.15 566.87 52.22 883.59
2025 888.76 381.19 2.75 60.06 720.02 626.62 681.16 246.8 187.42 261.85 756.38 291.21
